abscisse: 0.100000 0.200000 0.300000 0.400000 0.500000 0.600000 0.700000 0.800000 0.900000 1.000000 1.100000 1.200000 1.300000 1.400000 1.500000 1.600000 1.700000 1.800000 1.900000 2.000000 2.100000 2.200000 2.300000 2.400000 2.500000 2.600000 2.700000 2.800000 2.900000 3.000000 3.100000 3.200000 3.300000 3.400000 3.500000 3.600000 3.700000 3.800000 3.900000 4.000000 4.100000 4.200000 4.300000 4.400000 4.500000 4.600000 4.700000 4.800000 4.900000 5.000000 5.100000 5.200000 5.300000 5.400000 5.500000 5.600000 5.700000 
positions_barycentre_corr: 338.651644 338.667029 338.566364 338.566364 338.566364 338.566364 338.566364 338.566364 338.587894 338.667029 338.587894 338.651644 338.587894 338.566364 338.566364 338.651644 338.651644 338.667029 338.587894 338.566364 338.566364 338.566364 338.467432 336.411332 332.367747 327.232706 321.230561 314.537822 307.550329 300.111216 292.209568 283.844058 275.140695 267.033993 257.315744 248.881911 239.704052 230.230412 220.801536 211.184143 201.541524 192.046273 182.546762 173.059199 162.779063 152.068815 140.286669 128.195407 115.840696 103.414858 90.956583 78.357356 66.097378 54.365885 43.115156 31.824706 21.306263 11.757105 45.894448 45.835088 45.910435 45.910435 45.910435 45.910435 45.910435 45.910435 45.909407 45.835088 45.909407 45.894448 45.909407 45.910435 45.910435 45.894448 45.894448 45.835088 45.909407 45.910435 45.910435 45.910435 45.964891 47.452169 50.486414 54.394282 58.916939 63.903741 69.252576 75.037542 81.109220 87.539452 94.341770 100.762421 108.475375 114.883541 122.218235 129.688286 137.223395 145.032601 152.820453 160.977118 169.411417 177.776842 184.922489 190.864777 195.855960 199.562389 202.161130 203.171485 203.250399 202.147866 199.878916 196.315261 191.542664 186.104178 179.511367 171.810615 
liste_vitesse_long_corr: 0.613215 1.257403 0.000000 0.000000 0.000000 0.000000 0.000000 0.215545 1.085622 1.085622 0.654814 0.654814 0.215545 0.000000 0.867653 0.000000 0.613215 1.085622 0.215545 0.000000 0.000000 1.129302 25.376245 50.554152 64.529128 75.153290 83.463139 87.997207 94.237064 99.650047 105.512862 110.462681 103.413436 124.070152 105.921729 117.486529 120.644728 120.698622 123.886219 123.947863 125.176270 127.034686 126.488801 125.196437 122.482731 127.957364 126.465899 126.250674 124.668472 124.585248 126.473752 124.681678 122.608132 122.211542 125.320145 124.138147 122.673554 
liste_vitesse_rot_corr: 0.044792 0.002473 0.001585 0.128693 0.127302 0.001773 0.001967 0.011877 0.014350 0.075082 0.031446 0.023766 0.017397 0.001585 0.042056 0.055733 0.115959 0.028461 0.013838 0.003546 0.023461 0.068947 0.112920 0.109044 0.119959 0.026937 0.073653 0.036874 0.016430 0.160090 0.023166 0.064035 0.005138 0.153442 0.151260 0.086037 0.019692 0.013888 0.048914 0.366424 0.109639 0.188553 0.714358 0.975500 0.977768 1.122005 1.079690 1.268729 0.763227 1.034379 1.017868 1.023498 1.126225 0.572325 1.084636 1.232977 1.076545 
acceleration_corr: 6.441879 -12.574026 0.000000 0.000000 0.000000 0.000000 2.155450 8.700770 0.000000 -4.308077 0.000000 -4.392693 -2.155450 8.676530 -8.676530 6.132146 4.724074 -8.700770 -2.155450 0.000000 11.293025 242.469423 251.779070 139.749764 106.241614 83.098490 45.340684 62.398569 54.129829 58.628149 49.498196 -70.492453 206.567156 -181.484221 115.647993 31.581996 0.538932 31.875970 0.616444 12.284067 18.584160 -5.458847 -12.923637 -27.137062 54.746332 -14.914656 -2.152245 -15.822024 -0.832238 18.885034 -17.920741 -20.735455 -3.965900 31.086032 -11.819980 -14.645928 
