abscisse: 0.100000 0.200000 0.300000 0.400000 0.500000 0.600000 0.700000 0.800000 0.900000 1.000000 1.100000 1.200000 1.300000 1.400000 1.500000 1.600000 1.700000 1.800000 1.900000 2.000000 2.100000 2.200000 2.300000 2.400000 2.500000 2.600000 2.700000 2.800000 2.900000 3.000000 3.100000 3.200000 3.300000 3.400000 3.500000 3.600000 3.700000 3.800000 3.900000 4.000000 4.100000 4.200000 4.300000 4.400000 4.500000 4.600000 4.700000 4.800000 4.900000 5.000000 5.100000 5.200000 5.300000 5.400000 5.500000 5.600000 5.700000 5.800000 5.900000 6.000000 6.100000 
positions_barycentre_corr: 354.246955 354.246955 354.291779 354.246955 354.246955 354.212921 354.246955 354.305722 354.246955 354.246955 354.246955 354.206785 354.206785 354.246955 354.246955 354.246955 354.212921 354.291779 354.246955 353.990111 352.292051 349.286344 345.586667 341.083081 336.089194 330.531649 324.707118 318.658293 312.702126 306.564355 300.113862 293.514709 286.686569 279.830964 273.068973 266.772240 259.831914 252.879561 245.910208 238.985912 231.883178 223.860172 214.832760 205.254702 194.911645 184.229406 173.032475 161.330681 149.189813 136.965168 124.803112 112.623630 100.648850 88.418920 76.551186 65.265831 54.444069 44.109102 33.795615 24.203909 15.239246 7.948077 249.121961 249.121961 249.178446 249.121961 249.121961 249.215783 249.121961 249.146043 249.121961 249.121961 249.121961 249.217323 249.217323 249.121961 249.121961 249.121961 249.215783 249.178446 249.121961 248.904448 246.619001 242.927318 237.982253 232.362548 225.966128 219.001443 211.507379 203.753401 195.710975 187.350112 178.676187 169.647097 160.549696 151.116575 141.734762 133.270059 123.601260 113.818736 103.632107 93.525130 83.216925 73.925160 65.477498 57.816681 51.038801 44.928787 39.637813 35.680293 32.596906 30.455161 29.432641 29.576958 30.862273 32.905471 35.964555 40.017436 44.971537 50.916160 57.644957 65.089874 73.546086 81.929697 
liste_vitesse_long_corr: 0.000000 0.721091 0.721091 0.000000 0.998046 0.998046 0.635102 0.635102 0.000000 0.000000 1.034779 0.000000 1.034779 0.000000 0.000000 0.998046 0.872497 0.721091 3.365719 28.472219 47.605468 61.758620 72.016233 81.149915 89.102833 94.913725 98.342492 100.078244 103.718975 108.095255 111.836165 113.748050 116.611792 115.647279 105.498841 119.018401 120.013740 123.425810 122.514019 125.183035 122.762176 123.635420 122.648813 123.660212 123.061974 123.840896 123.528920 125.262909 124.108419 122.049652 121.803366 120.435626 123.994290 122.556558 119.910420 119.018338 119.226709 123.144110 121.419769 123.236643 111.106300 
liste_vitesse_rot_corr: 0.014190 0.012480 0.012108 0.011317 0.042557 0.105947 0.014371 0.019923 0.040271 0.082617 0.075011 0.012978 0.126710 0.014156 0.014563 0.061982 0.067441 0.019650 0.097234 0.028391 0.002667 0.061648 0.021717 0.014990 0.063206 0.054468 0.147993 0.061292 0.006218 0.029212 0.114030 0.297730 0.110760 0.114593 0.064294 0.160771 0.147204 0.147673 0.153999 0.537599 0.930048 0.893410 0.807777 0.925127 0.752099 1.032716 0.882382 0.658712 0.915185 1.152935 0.832264 0.586584 0.969934 0.821232 0.966902 0.883616 0.603776 1.024189 0.878875 1.004620 0.943760 
acceleration_corr: 7.210915 0.000000 -7.210915 9.980456 0.000000 -3.629435 0.000000 -6.351020 0.000000 10.347790 -10.347790 10.347790 -10.347790 0.000000 9.980456 -1.255485 -1.514056 26.446277 251.064996 191.332492 141.531516 102.576138 91.336812 79.529189 58.108916 34.287674 17.357518 36.407312 43.762794 37.409105 19.118848 28.637423 -9.645132 -101.484386 135.195604 9.953387 34.120699 -9.117904 26.690154 -24.208590 8.732447 -9.866074 10.113989 -5.982374 7.789214 -3.119760 17.339887 -11.544896 -20.587666 -2.462867 -13.677401 35.586648 -14.377328 -26.461379 -8.920815 2.083712 39.174009 -17.243410 18.168733 -121.303425 
