abscisse: 0.100000 0.200000 0.300000 0.400000 0.500000 0.600000 0.700000 0.800000 0.900000 1.000000 1.100000 1.200000 1.300000 1.400000 1.500000 1.600000 1.700000 1.800000 1.900000 2.000000 2.100000 2.200000 2.300000 2.400000 2.500000 2.600000 2.700000 2.800000 2.900000 3.000000 3.100000 3.200000 3.300000 3.400000 3.500000 3.600000 3.700000 3.800000 3.900000 4.000000 4.100000 4.200000 4.300000 4.400000 4.500000 4.600000 4.700000 4.800000 4.900000 5.000000 5.100000 5.200000 5.300000 5.400000 5.500000 5.600000 5.700000 5.800000 5.900000 6.000000 6.100000 6.200000 6.300000 6.400000 6.500000 6.600000 6.700000 6.800000 6.900000 7.000000 7.100000 7.200000 7.300000 7.400000 7.500000 7.600000 7.700000 
positions_barycentre_corr: 352.732275 352.745193 352.800079 352.757519 352.808286 352.761966 352.761966 352.745193 352.745193 352.745193 352.724603 352.761966 352.761966 352.745193 352.765228 352.757519 352.761966 352.732275 352.745193 352.800079 352.746819 352.761966 352.761966 352.757519 352.809092 352.745193 352.765228 352.761966 352.761966 352.757519 352.757519 352.745193 352.757519 352.808286 352.765228 352.809092 352.745193 352.757519 352.761966 352.757519 352.809092 352.800079 352.809092 352.745193 352.761966 352.761966 352.745193 352.809092 352.757519 352.808286 352.808286 352.765228 352.745193 352.745193 352.073099 347.661076 340.230572 330.562932 319.012860 306.834334 293.710685 279.782819 264.901077 249.975420 234.502778 218.561852 202.256142 186.137009 169.447574 152.574029 135.555818 118.526496 101.493950 83.944206 68.231176 51.274825 33.866394 16.512778 17.176569 17.161424 17.228519 17.231307 17.248419 17.196159 17.196159 17.161424 17.161424 17.161424 17.269691 17.196159 17.196159 17.161424 17.199323 17.231307 17.196159 17.176569 17.161424 17.228519 17.218524 17.196159 17.196159 17.231307 17.283945 17.161424 17.199323 17.196159 17.196159 17.231307 17.231307 17.161424 17.231307 17.248419 17.199323 17.283945 17.161424 17.231307 17.196159 17.231307 17.283945 17.228519 17.283945 17.161424 17.196159 17.196159 17.161424 17.283945 17.231307 17.248419 17.248419 17.199323 17.161424 17.161424 17.760796 20.322428 24.646970 30.162241 36.630852 43.945386 51.644648 59.716890 68.473191 77.288319 86.481499 96.001810 106.229962 116.275247 126.737079 137.374431 148.382757 159.328971 170.637225 182.248686 192.371485 203.471462 214.602834 226.194295 
liste_vitesse_long_corr: 0.199061 0.866844 0.426510 0.535733 0.698328 0.000000 0.385728 0.000000 0.000000 1.102076 0.824796 0.000000 0.385728 0.428683 0.328998 0.354276 0.355719 0.199061 0.866844 0.541895 0.270110 0.000000 0.354276 0.736917 1.381824 0.428683 0.045439 0.000000 0.354276 0.000000 0.709615 0.709615 0.535733 0.653028 0.953151 1.381824 0.709615 0.354276 0.354276 0.736917 0.561540 0.561540 1.381824 0.385728 0.000000 0.385728 1.381824 0.736917 0.535733 0.000000 0.653028 0.428683 0.000000 9.005315 51.017553 85.973278 111.302057 132.380933 142.062972 152.154136 160.980289 172.667033 173.344087 179.977005 185.674293 192.481501 189.930037 196.973905 199.466735 202.682692 202.439471 204.446621 210.432782 186.914520 202.664091 206.630326 208.688753 
acceleration_corr: 6.677829 -4.403334 1.092227 1.625952 -6.983282 3.857276 -3.857276 0.000000 11.020757 -2.772794 -8.247963 3.857276 0.429552 -0.996844 0.252779 0.014423 -1.566578 6.677829 -3.249491 -2.717849 -2.701097 3.542764 3.826406 6.449067 -9.531409 -3.832437 -0.454391 3.542764 -3.542764 7.096154 0.000000 -1.738823 1.172945 3.001229 4.286732 -6.722083 -3.553390 0.000000 3.826406 -1.753771 0.000000 8.202838 -9.960960 -3.857276 3.857276 9.960960 -6.449067 -2.011839 -5.357330 6.530276 -2.243448 -4.286828 90.053152 420.122374 349.557255 253.287790 210.788762 96.820391 100.911633 88.261540 116.867435 6.770537 66.329185 56.972876 68.072080 -25.514635 70.438676 24.928298 32.159573 -2.432205 20.071496 59.861608 -235.182614 157.495708 39.662350 20.584263 
